> 'c:\users\luis\desktop\testImage.gif'
                0                 0                 0
0.501960784313725                 0                 0
                0 0.501960784313725                 0
0.501960784313725 0.501960784313725                 0
                0                 0 0.501960784313725
0.501960784313725                 0 0.501960784313725
                0 0.501960784313725 0.501960784313725
0.752941176470588 0.752941176470588 0.752941176470588
0.752941176470588 0.862745098039216 0.752941176470588
0.650980392156863 0.792156862745098 0.941176470588235
                0                 0                 0
                0                 0               0.2
                0                 0               0.4
                0                 0               0.6
                0                 0               0.8
                0                 0                 1
                0               0.2                 0
                0               0.2               0.2
                0               0.2               0.4
                0               0.2               0.6
                0               0.2               0.8
                0               0.2                 1
                0               0.4                 0
                0               0.4               0.2
                0               0.4               0.4
                0               0.4               0.6
                0               0.4               0.8
                0               0.4                 1
                0               0.6                 0
                0               0.6               0.2
                0               0.6               0.4
                0               0.6               0.6
                0               0.6               0.8
                0               0.6                 1
                0               0.8                 0
                0               0.8               0.2
                0               0.8               0.4
                0               0.8               0.6
                0               0.8               0.8
                0               0.8                 1
                0                 1                 0
                0                 1               0.2
                0                 1               0.4
                0                 1               0.6
                0                 1               0.8
                0                 1                 1
              0.2                 0                 0
              0.2                 0               0.2
              0.2                 0               0.4
              0.2                 0               0.6
              0.2                 0               0.8
              0.2                 0                 1
              0.2               0.2                 0
              0.2               0.2               0.2
              0.2               0.2               0.4
              0.2               0.2               0.6
              0.2               0.2               0.8
              0.2               0.2                 1
              0.2               0.4                 0
              0.2               0.4               0.2
              0.2               0.4               0.4
              0.2               0.4               0.6
              0.2               0.4               0.8
              0.2               0.4                 1
              0.2               0.6                 0
              0.2               0.6               0.2
              0.2               0.6               0.4
              0.2               0.6               0.6
              0.2               0.6               0.8
              0.2               0.6                 1
              0.2               0.8                 0
              0.2               0.8               0.2
              0.2               0.8               0.4
              0.2               0.8               0.6
              0.2               0.8               0.8
              0.2               0.8                 1
              0.2                 1                 0
              0.2                 1               0.2
              0.2                 1               0.4
              0.2                 1               0.6
              0.2                 1               0.8
              0.2                 1                 1
              0.4                 0                 0
              0.4                 0               0.2
              0.4                 0               0.4
              0.4                 0               0.6
              0.4                 0               0.8
              0.4                 0                 1
              0.4               0.2                 0
              0.4               0.2               0.2
              0.4               0.2               0.4
              0.4               0.2               0.6
              0.4               0.2               0.8
              0.4               0.2                 1
              0.4               0.4                 0
              0.4               0.4               0.2
              0.4               0.4               0.4
              0.4               0.4               0.6
              0.4               0.4               0.8
              0.4               0.4                 1
              0.4               0.6                 0
              0.4               0.6               0.2
              0.4               0.6               0.4
              0.4               0.6               0.6
              0.4               0.6               0.8
              0.4               0.6                 1
              0.4               0.8                 0
              0.4               0.8               0.2
              0.4               0.8               0.4
              0.4               0.8               0.6
              0.4               0.8               0.8
              0.4               0.8                 1
              0.4                 1                 0
              0.4                 1               0.2
              0.4                 1               0.4
              0.4                 1               0.6
              0.4                 1               0.8
              0.4                 1                 1
              0.6                 0                 0
              0.6                 0               0.2
              0.6                 0               0.4
              0.6                 0               0.6
              0.6                 0               0.8
              0.6                 0                 1
              0.6               0.2                 0
              0.6               0.2               0.2
              0.6               0.2               0.4
              0.6               0.2               0.6
              0.6               0.2               0.8
              0.6               0.2                 1
              0.6               0.4                 0
              0.6               0.4               0.2
              0.6               0.4               0.4
              0.6               0.4               0.6
              0.6               0.4               0.8
              0.6               0.4                 1
              0.6               0.6                 0
              0.6               0.6               0.2
              0.6               0.6               0.4
              0.6               0.6               0.6
              0.6               0.6               0.8
              0.6               0.6                 1
              0.6               0.8                 0
              0.6               0.8               0.2
              0.6               0.8               0.4
              0.6               0.8               0.6
              0.6               0.8               0.8
              0.6               0.8                 1
              0.6                 1                 0
              0.6                 1               0.2
              0.6                 1               0.4
              0.6                 1               0.6
              0.6                 1               0.8
              0.6                 1                 1
              0.8                 0                 0
              0.8                 0               0.2
              0.8                 0               0.4
              0.8                 0               0.6
              0.8                 0               0.8
              0.8                 0                 1
              0.8               0.2                 0
              0.8               0.2               0.2
              0.8               0.2               0.4
              0.8               0.2               0.6
              0.8               0.2               0.8
              0.8               0.2                 1
              0.8               0.4                 0
              0.8               0.4               0.2
              0.8               0.4               0.4
              0.8               0.4               0.6
              0.8               0.4               0.8
              0.8               0.4                 1
              0.8               0.6                 0
              0.8               0.6               0.2
              0.8               0.6               0.4
              0.8               0.6               0.6
              0.8               0.6               0.8
              0.8               0.6                 1
              0.8               0.8                 0
              0.8               0.8               0.2
              0.8               0.8               0.4
              0.8               0.8               0.6
              0.8               0.8               0.8
              0.8               0.8                 1
              0.8                 1                 0
              0.8                 1               0.2
              0.8                 1               0.4
              0.8                 1               0.6
              0.8                 1               0.8
              0.8                 1                 1
                1                 0                 0
                1                 0               0.2
                1                 0               0.4
                1                 0               0.6
                1                 0               0.8
                1                 0                 1
                1               0.2                 0
                1               0.2               0.2
                1               0.2               0.4
                1               0.2               0.6
                1               0.2               0.8
                1               0.2                 1
                1               0.4                 0
                1               0.4               0.2
                1               0.4               0.4
                1               0.4               0.6
                1               0.4               0.8
                1               0.4                 1
                1               0.6                 0
                1               0.6               0.2
                1               0.6               0.4
                1               0.6               0.6
                1               0.6               0.8
                1               0.6                 1
                1               0.8                 0
                1               0.8               0.2
                1               0.8               0.4
                1               0.8               0.6
                1               0.8               0.8
                1               0.8                 1
                1                 1                 0
                1                 1               0.2
                1                 1               0.4
                1                 1               0.6
                1                 1               0.8
                1                 1                 1
                0                 0                 0
                0                 0                 0
                0                 0                 0
                0                 0                 0
                0                 0                 0
                0                 0                 0
                0                 0                 0
                0                 0                 0
                0                 0                 0
                0                 0                 0
                0                 0                 0
                0                 0                 0
                0                 0                 0
                0                 0                 0
                0                 0                 0
                0                 0                 0
                0                 0                 0
                0                 0                 0
                0                 0                 0
                0                 0                 0
                1 0.984313725490196 0.941176470588235
0.627450980392157 0.627450980392157 0.643137254901961
0.501960784313725 0.501960784313725 0.501960784313725
                1                 0                 0
                0                 1                 0
                1                 1                 0
                0                 0                 1
                1                 0                 1
                0                 1                 1
                1                 1                 1
225
  0
196
18042
 1754
  204
